0.034 1.79E-11
0.512 1.35E-11
0.9754 8.33E-12
1.5472 6.42E-12
2.0248 5.67E-12
2.5066 4.72E-12
3.0176 4.35E-12
3.518 4.05E-12
3.995 3.90E-12
4.4756 3.85E-12
5.0166 3.57E-12
5.5002 3.38E-12
6.0116 3.28E-12
6.4982 3.23E-12
6.9882 3.18E-12
7.4754 3.14E-12
7.9786 3.12E-12
8.4818 3.11E-12
8.966 3.10E-12
9.45 3.10E-12
9.9486 3.10E-12
10.5016 3.10E-12
10.9602 3.09E-12
11.4692 3.09E-12
11.9622 3.10E-12
12.4884 3.09E-12
12.984 3.09E-12
13.472 3.09E-12
13.9586 3.09E-12
14.5234 3.09E-12
14.9836 3.08E-12
15.4992 3.09E-12
15.994 3.09E-12
16.511 3.10E-12
17.0072 3.10E-12
17.5158 3.09E-12
18.01 3.09E-12
18.5022 3.10E-12
18.981 3.09E-12
19.4992 3.10E-12
20.003 3.09E-12
20.4754 3.10E-12
20.9872 3.09E-12
21.476 3.10E-12
21.9858 3.10E-12
22.4816 3.09E-12
22.9854 3.09E-12
23.4958 3.10E-12
24.0102 3.10E-12
24.518 3.09E-12
24.9898 3.09E-12
25.4934 3.10E-12
26.001 3.10E-12
26.502 3.09E-12
26.991 3.10E-12
27.4822 3.09E-12
27.987 3.09E-12
28.4742 3.10E-12
28.9766 3.10E-12
29.4738 3.10E-12
29.966 3.10E-12
30.459 3.09E-12
30.98 3.10E-12
31.492 3.10E-12
31.9796 3.10E-12
32.4656 3.10E-12
32.9918 3.09E-12
33.4814 3.10E-12
34.0246 3.10E-12
34.4824 3.09E-12
35.0106 3.10E-12
35.4848 3.10E-12
35.9902 3.09E-12
36.4834 3.10E-12
37.004 3.10E-12
37.4838 3.10E-12
37.988 3.10E-12
38.493 3.09E-12
39.0024 3.10E-12
39.4898 3.09E-12
39.9944 3.10E-12
40.4904 3.11E-12
40.9936 3.10E-12
41.4906 3.10E-12
41.9944 3.10E-12
42.488 3.11E-12
43.0038 3.10E-12
43.5254 3.10E-12
43.9668 3.10E-12
44.4654 3.10E-12
44.9776 3.11E-12
45.5134 3.10E-12
46.0056 3.10E-12
46.5042 3.10E-12
46.9746 3.10E-12
47.507 3.11E-12
48.0108 3.10E-12
48.511 3.11E-12
48.99 3.11E-12
49.4704 3.11E-12
50.0014 3.11E-12
