0 3.02E-07
1 5.38E-08
2 4.61E-08
3 4.75E-08
4 5.02E-08
5 5.28E-08
6 5.61E-08
7 5.96E-08
8 6.27E-08
9 6.55E-08
10 6.82E-08
11 7.12E-08
12 7.45E-08
13 7.81E-08
14 8.17E-08
15 8.53E-08
16 8.91E-08
17 9.29E-08
18 9.68E-08
19 1.01E-07
20 1.05E-07
21 1.09E-07
22 1.14E-07
23 1.19E-07
24 1.24E-07
25 1.29E-07
26 1.35E-07
27 1.40E-07
28 1.46E-07
29 1.53E-07
30 1.60E-07
31 1.67E-07
32 1.74E-07
33 1.82E-07
34 1.91E-07
35 1.99E-07
36 2.09E-07
37 2.19E-07
38 2.29E-07
39 2.40E-07
40 2.52E-07
41 2.65E-07
42 2.78E-07
43 2.93E-07
44 3.08E-07
45 3.25E-07
46 3.43E-07
47 3.62E-07
48 3.83E-07
49 4.06E-07
50 4.32E-07
51 4.59E-07
52 4.90E-07
53 5.23E-07
54 5.59E-07
55 5.99E-07
56 6.41E-07
57 6.88E-07
58 7.39E-07
59 7.92E-07
60 8.50E-07
61 9.12E-07
62 9.76E-07
63 1.04E-06
64 1.12E-06
65 1.19E-06
66 1.27E-06
67 1.35E-06
68 1.44E-06
69 1.53E-06
70 1.63E-06
71 1.73E-06
72 1.83E-06
