0 2.99E-07
1 2.63E-09
2 2.40E-08
3 3.46E-08
4 3.95E-08
5 4.10E-08
6 4.40E-08
7 4.53E-08
8 4.62E-08
9 4.70E-08
10 4.76E-08
11 4.82E-08
12 4.86E-08
13 4.90E-08
14 4.93E-08
15 4.96E-08
16 4.99E-08
17 5.01E-08
18 5.03E-08
19 5.05E-08
20 5.07E-08
21 5.08E-08
22 5.10E-08
23 5.11E-08
24 5.12E-08
25 5.13E-08
26 5.15E-08
27 5.16E-08
28 5.16E-08
29 5.17E-08
30 5.18E-08
31 5.19E-08
32 5.20E-08
33 5.21E-08
34 5.21E-08
35 5.22E-08
36 5.23E-08
37 5.23E-08
38 5.24E-08
39 5.25E-08
40 5.25E-08
41 5.26E-08
42 5.26E-08
43 5.27E-08
44 5.27E-08
45 5.28E-08
46 5.28E-08
47 5.29E-08
48 5.29E-08
49 5.29E-08
50 5.30E-08
51 5.30E-08
52 5.31E-08
53 5.31E-08
54 5.31E-08
55 5.32E-08
56 5.32E-08
57 5.32E-08
58 5.33E-08
59 5.33E-08
60 5.33E-08
61 5.33E-08
62 5.34E-08
63 5.34E-08
64 5.34E-08
65 5.35E-08
66 5.35E-08
67 5.35E-08
68 5.35E-08
69 5.35E-08
70 5.36E-08
71 5.36E-08
72 5.36E-08
