$SPEC_ID:
New path
$SPECTRUM_DESC:

$DATE_MEA:
23/02/2021 16:57:40
$MEAS_TIM:
90 s   97 s
$DATA:
    0   4095
0
0
0
0
0
0
0
0
0
0
1
7
41
148
245
295
296
353
339
394
335
327
353
355
338
339
353
377
365
361
378
392
366
375
373
389
406
373
358
368
373
371
397
376
370
397
372
397
398
368
389
392
406
378
366
388
386
404
387
397
358
361
393
381
382
384
400
393
385
402
407
366
412
382
348
377
382
386
406
416
387
389
363
455
388
405
422
399
399
413
397
397
372
363
389
421
356
375
384
414
396
355
395
406
377
382
409
406
399
388
410
371
396
395
416
364
409
410
380
393
373
362
359
383
403
431
420
398
388
425
377
418
432
372
376
402
375
395
417
390
410
404
431
396
410
447
430
432
436
435
446
467
510
501
521
517
498
532
549
571
560
582
529
593
516
568
551
564
563
533
520
505
487
464
481
463
497
483
435
429
452
438
448
414
427
422
470
443
430
457
431
424
396
406
427
430
434
382
419
420
400
381
389
380
394
376
359
388
348
393
381
394
402
386
336
347
354
379
363
386
382
356
386
376
362
349
348
368
391
359
355
384
372
376
369
405
369
381
390
363
358
401
398
368
381
383
334
354
402
392
365
384
382
385
368
399
410
395
364
397
383
374
376
371
366
352
382
385
392
369
384
411
365
370
402
370
387
337
360
380
365
369
385
397
361
352
393
383
376
365
380
416
361
395
399
374
397
425
411
366
386
374
359
405
356
386
345
352
376
400
378
390
386
389
342
331
389
384
351
398
392
373
343
403
365
363
357
386
394
380
351
377
421
388
401
375
402
375
420
383
391
389
399
399
426
400
408
386
396
393
399
381
425
417
376
414
428
438
407
414
420
442
413
417
441
473
461
430
476
468
474
445
476
483
480
493
497
511
501
509
497
478
538
518
491
504
552
503
505
548
557
537
557
518
555
559
582
541
560
518
526
533
558
527
542
513
511
550
520
520
536
536
547
542
549
538
543
516
483
502
493
520
520
538
472
512
495
503
513
493
510
531
517
447
464
470
462
466
500
495
506
482
480
472
476
475
493
499
466
456
447
436
494
451
461
438
481
476
473
474
475
460
445
502
486
458
484
455
466
460
448
450
450
434
490
445
495
446
427
434
448
479
424
475
476
453
460
423
427
446
448
430
464
451
448
482
420
454
415
487
416
436
426
450
434
438
418
463
431
434
470
428
391
479
452
408
442
436
438
387
436
433
412
414
416
414
391
410
406
413
380
425
436
426
396
439
425
386
401
414
413
387
435
426
399
418
412
429
383
425
448
369
375
389
382
362
374
420
426
389
422
365
380
367
397
397
396
405
396
365
401
398
410
389
384
389
364
377
373
372
397
397
377
410
388
380
373
419
401
393
425
400
393
377
400
379
393
379
377
363
372
341
375
388
353
359
358
383
372
367
369
342
401
363
392
384
398
353
382
375
386
340
380
369
375
362
397
358
404
370
388
366
375
355
360
336
363
369
375
354
348
372
349
354
399
373
341
380
360
390
384
412
357
361
331
345
348
337
365
363
364
359
353
376
343
370
402
354
371
366
347
349
399
380
345
378
367
330
382
395
377
327
352
368
398
372
387
368
375
359
357
342
373
336
341
362
330
325
358
347
334
358
327
341
364
323
307
349
344
362
330
321
346
331
313
344
322
324
306
287
342
344
317
325
321
291
285
318
326
295
283
275
253
280
304
295
275
266
271
233
286
237
236
229
251
211
229
235
226
218
251
206
216
260
215
218
246
197
216
199
189
190
198
193
222
213
191
198
204
189
180
162
184
157
206
179
192
185
157
164
162
186
151
149
187
162
144
158
163
172
148
171
160
152
144
144
162
129
149
136
143
129
149
132
146
128
131
156
139
133
124
130
132
144
141
134
121
134
142
120
131
138
134
133
105
133
145
127
131
132
121
141
129
120
128
131
118
134
128
116
123
122
120
115
131
143
123
112
120
129
122
121
101
111
119
113
143
104
120
120
117
119
98
102
115
103
122
115
124
103
112
126
109
106
105
95
98
112
111
97
116
124
102
91
96
107
104
125
100
95
107
109
122
99
115
107
105
74
104
107
98
104
93
108
110
89
106
104
113
100
100
95
109
110
90
102
105
110
97
91
114
94
119
105
106
106
101
106
100
108
104
103
111
107
109
96
102
94
87
105
94
91
86
85
107
98
88
103
93
96
97
99
95
99
90
112
115
96
105
103
108
119
103
104
104
78
97
116
95
107
99
93
94
120
101
96
95
113
118
105
101
110
98
102
93
118
105
100
89
86
109
96
98
100
103
95
111
114
92
117
110
117
105
116
102
126
106
114
99
114
118
100
115
123
138
121
116
120
108
152
123
133
171
145
167
148
159
145
161
194
159
191
189
197
216
238
197
231
237
222
278
284
267
312
300
312
339
351
337
359
406
381
380
402
436
456
471
505
487
569
562
590
581
611
619
691
684
707
772
768
750
835
839
878
916
915
1033
967
1098
1101
1141
1150
1221
1147
1232
1306
1342
1244
1393
1377
1502
1468
1592
1707
1644
1678
1768
1803
1816
1827
1933
1923
2030
1941
2062
2061
2115
2135
2133
2272
2284
2343
2382
2254
2351
2400
2537
2439
2483
2521
2491
2687
2574
2585
2596
2745
2639
2656
2691
2727
2654
2683
2777
2627
2666
2735
2771
2681
2605
2742
2634
2604
2710
2614
2633
2523
2608
2462
2503
2501
2483
2451
2382
2356
2327
2279
2239
2307
2137
2181
2104
2101
2022
1962
1994
1897
1857
1824
1843
1789
1703
1622
1659
1512
1507
1493
1424
1417
1294
1280
1311
1214
1174
1118
1080
1106
1023
972
952
883
854
816
825
802
757
654
681
654
642
589
577
514
508
487
521
426
441
423
399
352
350
356
336
295
286
288
277
266
232
237
235
225
198
197
187
157
165
156
137
137
155
138
131
121
132
101
117
103
123
96
91
108
105
127
105
88
93
98
112
76
84
75
99
87
80
92
93
77
87
74
76
70
83
87
65
77
72
77
71
73
66
89
62
78
78
72
70
78
69
75
66
68
71
88
77
76
77
70
64
63
81
78
64
73
63
63
75
76
74
71
71
55
77
84
82
76
78
67
86
73
69
76
68
74
70
74
83
74
50
79
73
73
81
82
71
63
76
61
84
65
91
67
81
85
72
76
63
68
71
69
83
81
75
68
67
64
64
70
74
76
79
78
67
72
70
56
65
62
85
65
93
84
68
64
61
64
70
66
72
80
71
65
62
78
58
76
65
74
61
73
71
58
64
73
79
88
54
68
69
69
50
71
69
67
59
52
69
72
74
60
74
64
70
55
66
73
69
74
67
54
64
69
64
66
58
68
65
67
67
58
57
67
69
63
57
68
58
64
54
57
69
75
70
68
66
63
77
55
66
57
82
80
59
56
66
58
65
65
62
57
63
64
52
79
74
56
69
55
71
46
70
70
83
73
58
79
62
57
59
80
74
69
69
62
71
64
49
65
72
61
62
40
60
68
77
61
78
56
54
82
66
64
67
66
80
56
70
72
64
74
56
50
78
82
68
64
79
77
70
66
60
66
74
64
68
73
61
56
69
71
62
72
64
74
73
91
80
86
72
64
78
76
71
58
82
79
77
81
80
62
68
73
89
70
65
70
88
67
79
60
84
71
74
66
83
76
69
81
71
78
92
85
81
79
80
68
66
72
75
81
70
63
79
67
66
78
77
79
57
67
78
79
69
78
82
80
68
75
73
80
81
71
74
72
60
80
77
65
84
70
73
76
78
69
76
74
91
86
71
67
79
72
77
86
74
57
70
74
73
68
73
78
69
72
75
70
84
85
60
66
63
75
77
66
68
53
56
76
82
72
64
65
70
68
71
70
83
71
59
71
71
74
81
60
75
83
72
63
80
76
69
82
64
65
84
74
65
65
74
75
79
73
64
66
64
83
72
78
60
71
80
67
101
77
75
67
69
77
84
72
67
79
74
62
64
73
74
63
65
72
64
80
64
64
75
68
83
74
48
67
65
60
58
66
64
61
92
75
62
69
69
68
80
65
77
65
51
57
63
76
56
58
70
57
72
64
70
72
54
54
70
76
63
62
73
70
68
67
62
81
76
57
64
62
65
60
69
67
87
66
78
71
60
77
78
67
60
70
72
64
71
55
75
62
65
71
74
64
75
71
83
60
61
70
62
62
72
71
62
67
53
80
57
67
69
80
67
78
72
83
67
66
53
53
67
69
67
56
58
74
78
56
52
61
77
68
58
62
65
70
73
65
71
56
69
78
70
68
71
52
77
54
63
64
65
70
71
78
68
61
63
57
66
77
45
71
66
63
76
70
71
74
63
91
80
71
67
69
65
63
70
76
77
85
56
78
70
71
63
82
71
57
61
68
85
65
73
77
66
59
61
78
68
70
69
65
75
68
78
56
58
73
67
63
66
71
63
68
64
70
61
76
53
73
73
63
75
64
70
63
79
52
81
75
63
68
70
77
63
69
71
59
77
55
62
76
77
63
79
66
68
66
59
59
68
74
63
72
66
71
83
84
73
65
63
55
69
57
62
55
67
50
72
71
62
67
73
69
68
50
79
76
70
48
69
70
73
74
78
91
81
85
63
60
57
75
67
61
74
64
76
58
79
65
68
65
64
73
73
60
65
78
77
72
77
68
71
66
60
81
69
69
71
84
56
69
72
81
90
68
72
59
62
59
73
65
73
69
71
70
68
75
67
68
64
70
72
62
64
77
76
78
73
86
64
71
64
76
75
69
74
70
73
69
74
63
85
66
67
76
77
73
67
72
62
70
76
70
73
78
70
58
73
60
81
91
69
71
69
86
69
61
82
69
76
76
68
67
64
68
74
65
68
63
66
80
82
74
76
94
63
80
78
71
77
84
74
87
85
68
69
84
88
70
64
77
84
65
63
60
63
80
76
77
73
80
81
70
86
85
70
89
65
75
81
76
69
66
86
87
80
78
78
72
66
73
83
72
95
81
69
58
63
80
69
90
77
79
73
79
71
74
81
85
77
71
64
79
91
63
88
61
84
78
96
78
78
84
82
69
81
77
80
76
86
71
78
68
71
66
91
74
82
70
73
63
98
81
87
77
79
83
76
78
76
76
82
77
76
68
87
87
68
75
66
78
74
73
74
76
75
73
79
52
76
84
78
74
71
76
87
76
78
59
48
79
68
63
88
64
79
68
75
72
82
77
65
80
72
77
75
64
81
64
70
86
80
62
69
78
72
74
68
80
74
63
86
68
64
69
74
78
78
75
57
58
75
63
75
65
65
69
71
66
71
73
70
54
61
70
63
73
67
65
58
75
61
75
52
64
60
63
58
67
72
65
62
56
58
53
62
59
53
63
56
57
55
58
51
66
53
58
49
45
47
42
56
53
66
52
57
51
57
41
44
45
40
50
39
53
47
58
62
48
61
41
39
44
46
55
52
49
48
52
48
47
38
46
56
46
36
44
46
41
36
38
47
32
52
37
36
31
45
44
47
41
34
44
33
45
49
32
35
30
50
32
47
44
33
31
23
26
47
49
37
38
45
28
37
39
32
33
39
30
24
47
30
28
28
35
32
27
30
31
34
32
39
34
37
31
23
21
21
29
32
35
41
33
35
38
31
30
28
37
24
42
36
31
23
33
26
32
20
32
25
26
29
32
29
29
35
21
25
23
28
25
22
22
21
18
28
25
22
32
17
28
20
31
23
27
15
24
28
22
30
34
32
20
20
24
23
28
25
38
20
33
21
22
34
28
12
23
24
21
22
25
34
21
18
15
19
32
21
25
22
18
18
20
16
29
19
23
21
30
22
32
22
21
25
30
19
19
18
23
28
21
20
19
17
21
23
26
21
28
28
18
29
16
18
10
30
27
20
21
16
23
18
20
23
22
21
20
22
29
23
13
28
19
22
20
19
18
28
19
15
23
16
21
13
19
12
21
25
20
21
17
22
18
29
26
19
19
28
15
21
23
35
16
22
23
25
25
24
25
20
25
30
21
19
23
21
24
24
11
23
25
21
22
22
18
29
24
22
21
19
26
30
18
21
28
22
19
30
24
29
23
26
26
29
29
40
22
19
23
24
27
28
23
30
29
27
34
37
27
32
26
34
38
42
44
32
32
31
33
38
35
38
45
45
41
39
46
40
48
42
55
43
46
47
49
54
58
59
47
51
64
63
60
55
58
53
61
68
63
58
77
69
77
67
62
71
80
71
79
70
79
98
75
84
83
102
102
86
107
114
98
88
111
108
91
106
136
100
120
121
101
120
118
118
114
131
160
131
138
142
146
155
148
154
166
160
135
145
136
149
147
161
163
163
174
172
171
188
161
183
172
181
180
167
175
210
172
192
194
198
178
187
233
188
213
246
206
216
231
251
245
207
217
233
205
257
249
225
234
227
225
237
241
251
244
202
259
228
240
258
250
256
226
268
244
255
262
224
241
261
265
244
264
279
262
266
272
252
266
265
291
235
244
230
251
246
278
256
241
292
242
249
244
247
237
245
225
250
241
268
246
238
232
216
241
225
232
207
206
228
225
213
227
217
222
197
231
222
203
225
182
215
201
207
141
197
197
165
193
204
197
176
183
166
173
176
161
165
151
148
167
167
145
146
149
153
157
148
143
118
133
155
159
128
148
145
104
124
115
132
119
129
124
121
102
119
101
105
100
110
110
110
103
97
100
86
79
94
68
73
87
72
81
72
70
63
68
79
82
61
66
68
87
61
77
51
63
56
53
62
58
54
56
50
56
53
48
50
48
55
41
45
60
44
57
45
44
35
37
49
32
43
39
25
51
35
30
24
30
27
33
36
45
35
31
32
35
33
28
25
25
41
29
31
25
24
25
27
29
36
26
21
20
23
25
20
29
14
25
36
27
27
23
26
27
30
21
28
13
19
25
24
22
22
19
25
24
22
19
19
25
14
26
20
17
21
24
15
20
16
25
24
21
29
24
17
7
23
27
22
21
15
18
17
18
22
20
18
17
21
23
16
27
18
19
19
17
24
21
22
15
11
15
21
11
16
26
18
20
18
16
17
18
19
21
25
18
15
17
17
16
10
23
24
15
13
21
13
16
21
24
27
17
21
24
20
18
12
19
24
17
23
21
16
11
12
17
8
21
19
13
20
20
21
20
18
12
14
20
21
18
11
13
15
16
10
16
19
14
24
17
15
8
16
21
7
20
15
19
23
13
23
15
16
16
16
16
15
22
19
19
20
20
17
20
20
13
14
21
11
18
15
15
19
14
13
13
15
18
14
17
19
14
26
16
14
21
17
19
27
16
15
12
27
15
14
23
25
22
12
15
20
17
12
20
19
9
21
16
14
17
14
16
20
22
24
24
22
27
8
19
10
16
25
19
20
21
16
12
22
17
23
13
16
15
10
22
20
16
24
21
13
18
10
27
20
14
16
27
14
21
19
19
19
14
20
17
20
15
20
15
17
15
21
13
19
18
27
17
12
24
23
18
17
17
17
16
12
18
23
16
22
16
16
25
17
14
26
18
13
14
16
22
19
16
16
16
15
16
14
15
16
17
17
18
22
19
18
23
16
17
18
16
17
22
14
19
20
16
22
20
14
22
15
18
16
12
20
14
18
16
20
20
9
15
18
22
12
27
14
14
19
22
24
13
10
19
20
16
16
13
17
18
13
22
14
16
11
18
16
11
17
15
20
12
19
20
15
11
21
17
20
20
19
15
12
19
17
20
19
16
17
23
19
20
22
20
15
12
19
15
18
12
14
9
17
14
18
15
11
17
11
22
12
19
20
13
15
16
16
13
19
16
18
17
14
16
16
9
9
22
18
13
10
17
14
19
14
11
14
15
18
19
23
10
18
12
11
15
14
13
18
16
16
13
18
16
12
17
15
14
11
12
13
12
19
10
26
17
16
14
10
10
14
8
18
11
15
12
16
12
14
15
20
15
18
20
17
20
13
13
18
18
15
14
21
12
20
21
19
8
13
14
19
11
14
10
16
21
15
15
7
20
16
8
12
13
6
10
22
15
14
13
17
25
15
12
12
19
15
19
14
15
13
16
14
11
17
14
10
11
15
12
15
13
20
9
14
9
18
13
11
14
13
9
17
17
17
8
16
16
14
11
6
14
13
2
10
11
10
13
9
13
7
14
14
14
12
15
10
16
8
8
11
16
10
14
9
9
5
11
16
19
7
5
16
9
13
5
10
7
4
6
18
13
14
7
7
12
8
9
12
12
12
6
7
4
9
5
9
6
7
11
14
9
6
9
10
8
10
8
11
12
7
8
10
8
6
9
6
3
6
10
4
9
5
4
6
6
11
4
5
9
4
10
6
5
10
9
7
5
5
11
13
12
4
12
8
8
6
9
7
5
3
9
6
8
6
14
4
8
11
7
4
7
4
6
5
6
8
3
6
9
6
3
6
10
7
6
4
4
10
7
6
7
6
5
4
6
7
6
2
7
6
6
5
5
3
10
5
6
8
3
6
8
6
3
7
5
4
6
4
4
5
6
8
1
2
5
2
9
5
6
3
5
4
3
1
2
2
4
4
3
1
4
3
5
1
5
6
2
3
2
4
6
6
5
7
4
4
5
3
4
4
2
4
7
7
3
6
2
0
2
4
2
3
2
6
4
4
4
7
2
5
3
3
4
3
0
2
2
1
3
2
2
5
2
2
4
4
2
5
1
3
4
0
4
5
1
7
2
2
2
2
1
3
4
2
5
3
3
6
3
4
1
2
3
4
2
3
5
5
1
1
2
2
4
4
4
3
3
1
2
4
4
4
3
1
2
0
4
6
4
2
4
5
6
1
6
3
3
3
1
5
6
1
3
2
1
0
3
5
6
4
6
4
4
1
4
7
4
5
7
6
6
5
3
7
3
2
5
3
5
1
3
2
4
2
4
5
7
9
3
4
7
4
7
6
8
5
5
3
4
1
4
8
6
12
4
9
9
4
7
8
11
7
11
10
13
10
10
11
12
19
17
15
13
17
13
17
21
22
27
20
30
31
29
41
38
52
44
42
44
40
55
58
65
79
54
74
87
82
112
110
110
123
119
115
155
150
142
158
164
170
188
215
217
241
239
279
242
212
210
209
184
149
132
124
86
88
57
49
21
27
11
16
12
10
4
5
7
5
3
11
8
4
8
14
4
9
9
5
7
3
5
6
5
2
6
7
4
3
2
2
5
1
4
0
4
2
1
2
2
2
4
2
1
4
1
2
1
0
0
2
2
4
2
2
0
2
0
3
0
3
0
1
1
3
1
2
1
1
2
2
0
2
1
1
1
1
0
0
2
0
0
0
0
2
0
2
0
3
0
1
4
1
1
2
0
1
0
1
0
0
1
0
0
0
1
1
0
0
1
0
0
1
0
0
1
0
1
1
0
0
0
0
0
0
0
0
0
0
0
0
0
0
0
0
0
0
0
