$SPEC_ID:
New path
$SPECTRUM_DESC:

$DATE_MEA:
23/02/2021 17:01:04
$MEAS_TIM:
90 s   117 s
$DATA:
    0   4095
0
0
0
0
0
0
0
0
0
0
7
45
173
433
756
963
1029
1009
1046
1120
1091
1085
1123
1116
1111
1173
1138
1153
1120
1136
1124
1203
1210
1198
1215
1228
1254
1232
1263
1291
1357
1342
1450
1559
1546
1682
1881
1947
2129
2493
2887
3154
3803
4366
5051
6012
7165
8303
9382
10966
12018
13591
14485
15706
16036
16508
16530
16385
15370
14438
13264
12001
10734
9504
8202
7399
6490
5765
5191
4806
4460
4066
3712
3366
3250
2823
2580
2279
2157
1979
1823
1743
1616
1529
1499
1459
1391
1444
1392
1364
1320
1323
1326
1324
1367
1340
1286
1376
1284
1265
1279
1280
1296
1292
1277
1300
1304
1297
1332
1253
1247
1272
1287
1334
1259
1344
1283
1332
1235
1341
1287
1295
1337
1320
1313
1342
1275
1337
1297
1364
1294
1314
1294
1348
1308
1346
1300
1351
1299
1328
1326
1271
1368
1307
1333
1423
1345
1378
1402
1411
1430
1479
1510
1579
1535
1596
1657
1731
1698
1787
1808
1762
1927
1827
1920
1971
2054
2084
2035
2079
2087
2140
2004
2021
2028
2098
1908
2027
1970
1906
1918
1859
1867
1757
1785
1635
1783
1647
1645
1682
1567
1567
1539
1578
1578
1537
1538
1580
1592
1534
1539
1511
1488
1526
1429
1407
1463
1444
1336
1302
1362
1378
1369
1363
1279
1338
1252
1317
1268
1286
1269
1249
1210
1208
1233
1169
1216
1159
1218
1179
1146
1162
1237
1211
1218
1250
1242
1212
1186
1206
1217
1155
1208
1169
1226
1199
1146
1166
1143
1212
1183
1209
1188
1163
1258
1154
1229
1165
1167
1191
1241
1183
1177
1177
1220
1206
1230
1245
1195
1158
1150
1213
1180
1301
1170
1228
1240
1177
1258
1236
1176
1234
1261
1218
1224
1241
1238
1233
1197
1211
1223
1189
1231
1197
1196
1233
1242
1180
1197
1187
1240
1250
1235
1253
1218
1188
1223
1218
1214
1277
1261
1222
1195
1261
1174
1245
1194
1200
1205
1246
1269
1140
1142
1219
1282
1225
1189
1197
1238
1208
1233
1206
1171
1305
1194
1222
1214
1252
1227
1179
1316
1271
1243
1234
1287
1226
1170
1224
1224
1226
1230
1249
1221
1228
1288
1197
1281
1241
1274
1208
1173
1234
1219
1197
1232
1296
1209
1321
1264
1309
1290
1251
1256
1300
1281
1253
1284
1258
1253
1321
1220
1287
1224
1278
1306
1260
1309
1296
1267
1300
1322
1267
1264
1266
1240
1227
1371
1302
1270
1268
1309
1317
1310
1372
1278
1253
1309
1358
1365
1335
1363
1400
1390
1372
1374
1417
1424
1499
1404
1463
1369
1472
1497
1503
1463
1544
1472
1553
1576
1642
1734
1663
1643
1656
1645
1636
1736
1761
1657
1744
1784
1811
1736
1797
1776
1878
1835
1847
1965
1889
1856
1924
1859
1892
1989
1997
1981
2062
1940
1990
2015
1977
1999
2006
1991
1983
2032
1972
2053
2049
2021
1969
2039
2007
2019
2042
2001
1970
2032
2017
1988
1996
1927
1903
1892
1943
1992
1941
1945
1866
1917
1837
1888
1923
1890
1920
1914
1895
1950
1871
1850
1863
1867
1820
1899
1805
1805
1804
1757
1771
1867
1722
1803
1778
1759
1816
1770
1755
1742
1742
1723
1690
1768
1724
1773
1701
1722
1744
1691
1701
1726
1650
1639
1617
1670
1684
1600
1625
1643
1652
1654
1579
1605
1541
1594
1595
1604
1608
1471
1593
1594
1592
1585
1544
1523
1571
1450
1583
1549
1546
1512
1558
1564
1533
1535
1633
1538
1458
1467
1483
1440
1459
1506
1462
1525
1462
1484
1446
1456
1470
1474
1442
1374
1480
1445
1432
1403
1493
1400
1410
1394
1438
1409
1441
1348
1324
1398
1460
1378
1337
1426
1398
1369
1347
1420
1356
1373
1393
1369
1427
1340
1269
1359
1416
1341
1306
1363
1346
1346
1296
1281
1333
1295
1327
1258
1279
1310
1372
1266
1327
1295
1255
1293
1295
1287
1383
1305
1282
1260
1226
1256
1320
1250
1289
1303
1251
1275
1224
1307
1288
1249
1258
1208
1232
1270
1204
1216
1330
1200
1212
1292
1248
1245
1228
1296
1235
1218
1188
1272
1205
1172
1213
1218
1200
1220
1186
1182
1165
1238
1173
1158
1198
1248
1180
1248
1243
1204
1218
1262
1131
1193
1170
1173
1201
1165
1187
1157
1172
1153
1204
1152
1133
1157
1141
1247
1159
1204
1234
1179
1137
1158
1163
1161
1131
1213
1161
1196
1143
1197
1109
1151
1106
1158
1161
1167
1118
1176
1123
1144
1171
1118
1131
1203
1090
1148
1142
1120
1106
1183
1168
1116
1120
1180
1138
1091
1133
1143
1115
1139
1155
1246
1113
1109
1082
1142
1112
1105
1092
1108
1121
1145
1058
1075
1113
1132
1136
1136
1045
1062
1129
1117
1118
1136
1159
1079
1095
1090
1155
1134
1114
1117
1097
1098
1155
1122
1166
1084
1088
1108
1086
1105
1119
1065
1131
1076
1059
1127
1111
1078
1095
1079
1065
1074
1128
1112
1185
1100
1071
1100
1127
1081
1026
1077
1065
1091
1096
1108
1038
1087
1025
1063
1089
1126
1084
1086
1083
1036
1060
1087
1092
1064
1076
1116
1074
1074
1127
1065
1091
1070
1114
1089
1098
1077
1115
1092
1056
1130
1122
1123
1090
1049
1125
1090
1082
1110
1104
1129
1060
1121
1101
1107
1118
1110
1073
1043
1073
1063
1111
1135
1125
1062
1062
1097
1139
1084
1097
1106
1096
1102
1085
1084
1135
1054
1094
1123
1112
1071
1116
1112
1142
1120
1081
1049
1128
1085
1137
1084
1099
1105
1090
1058
1110
1094
1129
1088
1025
1072
1075
1077
1170
1072
1136
1086
1128
1084
1106
1050
1168
1110
1103
1120
1092
1125
1134
1048
1161
1168
1080
1125
1124
1152
1086
1121
1107
1151
1177
1105
1076
1084
1185
1143
1077
1171
1095
1115
1143
1156
1132
1156
1143
1114
1119
1103
1170
1160
1095
1189
1133
1123
1151
1161
1137
1107
1178
1152
1109
1180
1200
1139
1145
1158
1119
1127
1128
1171
1165
1213
1097
1177
1146
1211
1187
1166
1137
1155
1167
1162
1167
1177
1132
1161
1142
1165
1114
1120
1189
1152
1199
1132
1154
1186
1163
1130
1134
1133
1202
1184
1141
1183
1196
1187
1139
1147
1132
1181
1196
1152
1120
1200
1176
1181
1168
1141
1164
1078
1099
1125
1168
1196
1170
1152
1171
1140
1200
1174
1110
1137
1228
1165
1193
1135
1157
1160
1183
1157
1114
1116
1190
1203
1182
1254
1170
1091
1153
1127
1148
1126
1223
1162
1112
1132
1133
1162
1125
1117
1095
1126
1135
1086
1135
1140
1083
1026
1120
1126
1120
1034
1120
1054
1072
1095
1078
1130
1038
1105
1036
1038
985
1035
1003
1034
987
1035
1086
962
979
1035
996
1021
986
975
966
980
892
962
988
943
922
894
879
861
874
888
845
837
876
861
847
850
858
801
784
818
775
801
735
757
773
765
734
756
736
742
665
748
689
685
678
656
610
599
673
637
635
647
573
572
611
612
559
531
570
576
596
583
586
545
509
515
509
528
538
500
556
472
492
457
455
462
434
519
467
464
437
472
422
414
412
400
412
387
390
410
399
374
374
424
377
330
368
353
356
325
364
337
364
362
349
298
352
333
336
335
331
327
331
314
331
284
286
309
299
299
293
288
269
265
295
265
285
271
270
267
241
269
277
297
251
264
244
270
257
258
268
253
282
247
249
269
234
237
251
221
236
208
207
253
238
227
231
229
215
198
222
208
228
225
182
217
212
216
200
231
208
199
169
188
177
200
178
224
175
193
174
194
168
184
206
186
195
177
155
178
186
170
182
180
162
172
138
162
190
168
181
158
194
177
169
189
165
162
161
169
178
136
158
151
149
165
159
139
136
146
168
148
125
156
166
147
156
142
165
152
159
120
154
142
138
141
136
131
160
142
135
168
125
132
124
122
132
138
135
142
140
162
123
117
123
113
124
140
126
140
115
123
108
147
131
91
151
130
134
113
119
124
134
130
108
126
122
127
126
126
132
131
149
118
116
126
137
120
114
122
120
115
109
138
127
122
125
129
118
120
118
119
142
104
131
124
140
127
128
123
144
130
128
127
159
116
128
140
139
134
124
127
128
120
144
123
163
135
139
155
141
163
193
164
169
139
138
152
174
169
183
158
178
215
182
163
203
192
193
207
216
212
184
193
232
214
244
223
236
253
244
273
229
308
303
301
329
337
338
371
362
349
391
420
418
460
448
457
525
489
524
532
551
592
639
617
647
695
691
764
748
776
804
891
883
955
944
1009
1001
1023
1081
1092
1184
1220
1208
1229
1330
1496
1446
1435
1495
1486
1598
1670
1697
1773
1825
1903
1984
1999
2008
2155
2249
2167
2304
2440
2437
2504
2616
2687
2750
2812
2931
3001
3043
3223
3216
3361
3514
3399
3488
3580
3608
3799
3883
3946
4155
4147
4270
4239
4402
4514
4541
4687
4767
4999
4917
5068
5169
5227
5237
5392
5441
5561
5691
5933
5837
5906
5936
6209
6239
6128
6364
6462
6346
6688
6776
6636
6742
6984
6818
6917
6961
7061
7355
7209
7284
7393
7330
7275
7327
7503
7597
7466
7574
7603
7623
7641
7642
7696
7602
7562
7737
7623
7627
7673
7753
7708
7478
7577
7865
7548
7633
7478
7365
7194
7425
7356
7207
7125
7151
7118
6968
7019
6986
6942
6920
6865
6771
6662
6503
6460
6551
6361
6220
6244
6116
6045
5979
5943
5832
5666
5594
5515
5439
5271
5102
5053
4847
4951
4806
4675
4656
4509
4447
4338
4256
4210
3950
4011
3863
3751
3632
3703
3525
3476
3288
3277
2950
3123
3019
2969
2869
2770
2710
2592
2548
2410
2350
2305
2224
2036
2096
2000
1912
1827
1846
1705
1724
1632
1576
1538
1499
1416
1392
1347
1300
1215
1209
1117
1139
1104
1006
950
945
914
850
826
792
807
747
690
644
695
683
609
571
560
538
525
488
467
482
461
426
373
373
384
392
353
332
320
326
273
280
260
236
272
254
221
226
229
221
220
218
203
184
171
175
181
175
181
144
151
148
153
170
140
130
128
120
111
116
120
117
114
120
107
106
93
108
105
116
96
88
88
116
98
75
104
91
97
83
89
68
87
81
80
96
75
78
63
77
74
89
70
64
82
73
89
63
74
75
78
61
74
64
75
55
63
73
76
78
65
61
78
67
74
71
71
64
74
53
83
69
54
61
63
52
71
56
61
63
65
57
46
70
56
48
68
69
56
59
75
62
50
51
57
62
62
63
51
53
49
47
43
52
49
61
56
60
47
54
57
46
51
61
54
46
53
52
46
41
42
42
46
46
38
46
43
43
43
57
45
44
49
50
43
47
35
45
46
42
44
46
37
38
34
54
53
52
47
51
37
51
54
41
46
39
50
48
32
37
46
49
36
45
42
44
44
35
41
53
49
46
47
38
42
36
41
43
35
49
44
32
34
35
38
31
41
43
49
47
43
42
35
39
39
38
36
37
37
37
50
30
56
34
36
39
43
38
38
41
38
35
33
45
29
29
42
44
46
23
35
50
32
35
46
33
42
35
47
36
44
28
33
36
44
25
41
32
35
35
40
28
42
39
45
36
32
36
37
29
28
29
35
37
41
37
35
23
41
27
35
34
47
38
33
42
33
38
36
40
41
38
28
49
41
39
44
37
38
35
37
37
36
36
43
36
27
34
35
43
37
34
28
42
32
30
40
27
44
37
26
41
45
38
23
35
36
34
29
35
27
32
35
37
30
50
27
43
36
37
27
35
35
26
28
37
44
24
26
32
38
34
36
40
34
24
40
41
29
33
43
37
35
31
19
35
31
31
38
28
33
33
38
42
34
36
35
38
26
30
35
26
47
24
19
34
38
30
39
37
34
22
20
40
34
38
37
31
24
34
34
27
34
30
34
27
38
28
23
27
35
28
33
27
36
35
32
31
22
27
30
21
37
27
21
20
28
31
44
23
32
24
37
24
30
25
27
19
26
23
23
37
34
35
24
43
31
25
26
21
29
21
22
31
21
22
42
31
34
26
30
28
26
29
37
32
23
16
31
33
19
35
26
34
23
21
25
24
34
38
18
26
22
24
27
28
29
28
22
21
23
29
23
32
35
22
31
31
14
25
25
25
21
17
27
27
34
27
26
25
34
18
23
23
23
35
22
27
24
29
21
35
22
22
22
23
22
16
23
30
25
21
20
13
20
17
19
32
22
26
23
21
28
22
29
24
25
18
23
25
19
26
15
17
20
31
32
23
24
16
23
27
21
21
16
23
22
21
25
21
21
26
22
26
21
30
17
27
26
17
25
28
24
21
17
27
20
20
22
27
23
18
21
21
23
31
25
26
13
21
17
25
21
9
24
19
17
19
24
25
32
18
15
23
21
15
18
20
28
27
25
28
15
10
27
14
14
16
25
24
17
24
18
26
22
23
19
20
21
21
19
18
23
17
18
22
18
25
12
18
21
21
19
20
22
24
22
27
12
24
11
17
18
22
18
25
17
23
20
25
20
19
21
15
24
21
20
18
18
21
26
23
18
12
20
22
21
37
21
19
13
25
16
18
23
17
17
26
17
20
21
21
19
13
25
25
22
10
15
20
18
25
15
21
22
19
23
14
16
13
20
20
10
13
15
22
17
24
12
19
13
23
12
16
19
14
17
22
20
18
15
19
25
16
18
14
21
17
13
14
18
14
18
12
20
14
25
17
12
18
15
19
19
17
23
19
18
13
20
14
16
27
9
24
23
19
16
13
19
18
19
20
16
16
20
15
10
20
15
13
19
15
20
14
22
20
16
21
19
19
15
14
14
12
21
15
16
17
12
14
11
17
18
20
16
15
11
13
12
17
13
17
17
15
9
8
14
11
19
16
12
17
13
17
13
19
15
24
12
14
20
20
15
19
16
15
15
19
15
15
14
16
23
33
18
19
17
16
17
12
26
14
14
11
10
19
9
13
17
16
17
10
12
16
15
17
16
19
11
16
16
12
13
15
15
14
15
8
6
25
16
14
10
13
8
20
18
10
21
20
16
7
15
8
14
19
16
11
15
10
12
10
10
20
14
18
10
13
11
12
21
11
11
12
12
16
11
12
11
17
16
15
9
15
13
17
11
11
13
7
12
21
14
15
7
11
15
9
16
18
17
9
12
20
13
16
15
10
14
11
11
21
17
10
12
8
15
22
18
17
15
14
9
13
5
10
13
5
8
11
10
13
12
6
11
15
13
13
7
16
10
8
15
10
7
9
9
10
8
7
9
16
13
8
17
8
12
8
12
7
11
5
9
12
7
10
5
6
15
9
9
16
17
14
10
15
13
9
10
9
9
8
12
10
9
11
9
15
9
13
12
10
15
14
16
10
16
8
11
16
9
5
7
17
11
14
13
5
5
9
7
11
8
8
6
11
11
10
2
7
13
8
8
8
9
10
16
5
13
9
11
8
8
6
7
8
7
5
8
13
11
11
7
12
10
10
15
12
10
10
13
8
11
7
12
9
5
8
9
16
5
6
6
8
6
10
8
6
16
8
12
7
17
3
7
8
9
9
8
12
5
7
13
14
9
9
14
8
5
8
6
6
9
11
9
10
9
8
10
11
7
11
7
16
12
7
7
12
6
10
9
13
4
11
4
9
9
10
11
11
11
10
8
8
9
11
10
7
11
9
6
13
9
10
5
14
10
7
7
5
5
14
10
7
9
6
15
12
6
8
7
13
7
15
8
12
7
10
6
10
8
10
7
6
12
5
8
5
8
12
12
14
6
5
7
14
11
9
5
13
6
8
14
11
16
11
9
8
8
6
8
12
15
5
8
9
7
10
15
6
9
10
10
7
9
4
6
7
7
11
12
11
5
9
14
12
11
9
9
7
14
11
4
11
14
9
7
13
10
9
14
10
6
8
12
12
10
9
7
12
11
12
17
17
16
13
7
12
6
11
14
18
13
8
12
9
9
9
12
7
15
4
8
10
10
12
6
13
10
10
7
7
13
9
13
14
13
11
13
13
15
14
9
11
10
19
5
6
16
9
11
13
12
9
9
10
11
13
14
13
15
9
14
12
11
10
15
9
9
13
8
13
8
16
16
15
12
16
14
8
14
12
12
20
9
11
9
9
9
12
13
11
11
12
10
12
7
11
9
15
15
9
10
13
13
10
10
14
8
13
13
8
14
3
10
6
9
14
11
13
12
13
15
14
16
7
14
14
12
18
11
11
11
13
17
9
16
10
10
10
9
7
16
14
14
13
10
17
22
12
15
11
10
12
12
11
11
20
8
18
11
13
16
8
14
11
18
11
15
10
8
11
25
21
14
18
12
17
16
16
11
14
5
19
12
12
16
12
15
7
13
10
18
9
12
14
12
15
15
3
8
7
8
18
9
13
15
8
11
12
10
14
7
17
14
8
17
11
9
9
7
9
12
13
11
10
14
10
12
16
8
15
9
11
10
14
13
11
9
10
15
14
7
11
11
7
9
10
10
13
11
5
8
15
8
10
13
9
5
8
10
14
11
6
3
10
7
11
8
8
5
6
11
10
4
14
7
11
9
5
6
6
4
7
6
5
4
7
9
5
7
7
10
7
6
10
5
5
12
7
7
11
8
3
7
5
7
4
7
8
2
4
5
6
3
8
5
3
7
4
8
7
4
3
6
3
3
3
5
9
1
6
2
5
2
4
3
3
1
3
3
4
3
4
6
3
1
3
2
5
6
7
4
4
0
3
2
1
2
2
3
4
3
2
1
1
2
1
5
1
2
0
1
1
1
2
1
2
1
2
2
1
2
1
0
3
3
1
3
1
2
1
0
0
1
2
2
0
0
0
3
2
0
1
0
0
0
2
0
0
2
2
0
4
0
1
1
0
0
0
2
0
0
1
1
1
0
1
2
1
0
0
1
0
2
0
1
0
0
0
0
0
2
0
0
0
1
0
0
1
1
1
0
0
1
0
0
0
1
1
0
0
2
0
1
0
1
0
0
0
0
0
0
1
0
0
0
1
0
1
0
0
0
0
1
0
2
1
0
0
1
2
0
1
0
0
1
1
1
0
0
0
0
0
0
0
1
0
0
0
0
0
0
0
1
3
0
0
0
0
0
0
0
0
0
1
0
0
3
0
1
0
0
2
0
0
0
0
0
0
0
1
0
1
1
1
1
1
0
0
0
0
0
1
0
0
0
0
0
0
1
0
0
0
1
2
0
0
0
1
0
0
0
0
0
0
0
0
0
0
0
0
0
0
2
0
0
0
0
1
1
0
0
0
1
0
1
0
0
0
0
1
0
0
0
2
0
0
0
0
1
0
0
0
0
2
1
1
0
0
0
0
0
1
1
0
1
1
0
0
0
0
1
0
0
1
1
0
0
0
0
0
1
0
0
0
1
0
0
0
0
0
0
1
1
0
0
0
0
0
1
0
0
1
0
1
1
1
0
0
1
0
0
0
0
0
0
0
0
0
0
1
1
0
0
0
0
1
0
0
0
1
0
1
0
0
0
0
0
0
0
0
0
0
0
0
0
0
0
0
1
0
0
0
0
0
0
0
1
0
1
0
0
0
0
1
0
0
0
1
0
1
0
0
0
0
3
0
0
0
0
0
1
0
0
1
0
0
0
0
0
0
0
0
0
0
0
0
0
0
0
0
0
0
0
0
0
0
0
1
0
0
0
0
1
0
1
1
1
0
1
1
0
0
0
0
0
0
0
0
0
0
0
0
0
0
0
0
0
0
0
0
0
0
0
0
1
0
0
0
0
0
1
1
0
0
0
0
0
0
0
0
0
0
0
0
0
1
0
0
0
0
0
0
0
0
1
0
0
0
0
0
0
0
0
0
0
0
0
0
1
0
0
1
0
0
0
1
0
1
0
0
0
0
0
0
0
0
0
0
0
0
0
0
0
1
0
0
0
0
0
1
0
0
0
0
1
1
0
1
0
0
0
0
0
0
0
1
0
0
1
0
1
1
0
0
1
2
0
0
1
1
0
2
0
1
0
0
0
1
4
1
0
0
0
1
1
3
0
1
0
1
2
1
1
1
1
0
0
2
4
1
2
1
0
1
1
1
1
0
2
2
2
1
1
0
1
2
1
2
2
1
2
2
1
0
2
3
0
6
5
3
2
1
0
2
0
0
0
0
1
0
1
1
0
1
1
0
0
0
0
0
0
1
0
0
1
0
0
0
0
0
1
0
0
0
0
0
1
0
0
0
1
0
0
0
0
0
0
0
0
0
0
1
0
0
0
0
0
0
0
0
0
0
0
1
0
0
0
0
1
0
0
1
1
0
2
1
0
0
0
0
0
0
1
0
0
0
0
0
0
0
0
0
0
0
0
0
0
0
