$SPEC_ID:
New path
$SPECTRUM_DESC:

$DATE_MEA:
23/02/2021 16:52:54
$MEAS_TIM:
90 s   123 s
$DATA:
    0   4095
0
0
0
0
0
0
0
0
0
0
0
19
71
163
302
375
410
441
470
442
447
458
500
465
454
431
475
501
457
451
438
478
447
470
460
490
500
482
492
474
500
489
470
496
478
507
498
493
492
527
493
502
499
487
491
454
533
464
531
498
482
504
505
520
468
484
463
524
497
459
504
460
501
504
523
507
488
511
486
473
485
498
488
460
483
512
489
501
473
522
484
475
479
479
513
471
498
476
517
531
531
490
509
475
510
513
497
534
454
508
493
511
483
459
503
497
494
512
484
473
527
495
497
495
486
465
499
480
429
519
461
493
484
480
495
509
507
495
473
517
503
496
504
538
482
535
508
487
474
488
481
512
530
510
515
504
478
532
526
503
494
481
521
518
545
489
486
494
512
558
546
529
499
561
493
492
521
549
496
565
533
538
551
514
515
547
523
545
552
512
493
530
544
538
555
502
556
510
509
516
531
504
499
497
511
492
496
486
507
556
518
552
477
529
552
512
500
519
500
550
493
486
515
530
513
538
499
490
496
499
506
529
504
461
525
544
508
523
498
499
483
485
515
516
533
497
520
520
491
543
514
505
458
484
507
503
501
521
506
526
515
527
518
485
530
509
489
457
526
532
505
476
513
499
500
517
524
516
519
468
504
469
510
530
474
483
548
498
508
497
507
480
490
499
502
524
521
527
496
514
497
503
493
505
522
510
494
510
557
531
502
551
492
509
528
521
478
509
460
480
510
512
507
513
513
495
518
506
517
525
503
538
495
526
518
530
498
525
545
524
506
491
507
529
537
523
534
521
560
569
477
515
482
521
534
550
505
533
554
506
493
479
517
533
539
540
486
548
522
517
557
619
565
527
505
504
510
540
537
532
569
568
538
478
533
560
524
534
524
515
513
527
517
557
521
539
526
532
522
520
494
535
509
485
515
493
508
511
523
506
508
528
510
480
513
534
560
530
492
542
506
504
524
503
531
520
515
510
525
564
537
531
534
527
483
563
531
533
482
528
532
490
565
515
557
568
512
500
515
483
477
522
578
577
539
550
512
557
529
542
493
505
506
512
490
543
541
586
522
527
518
510
543
544
541
565
505
546
548
556
617
567
574
542
542
550
581
597
598
597
567
592
552
588
592
592
572
587
562
589
617
611
645
590
669
620
614
644
627
636
675
606
708
667
649
720
666
662
676
678
712
694
704
720
724
735
741
732
770
758
781
751
761
730
752
785
839
804
794
712
804
832
801
769
803
760
804
804
751
774
815
853
790
802
818
798
835
746
820
759
816
805
772
787
828
773
802
788
754
745
753
790
718
773
733
750
760
751
738
738
755
679
708
707
781
685
695
714
710
701
741
669
722
717
692
648
687
695
712
677
659
655
694
616
668
668
622
649
656
672
621
684
625
635
585
674
642
587
632
642
671
563
656
650
595
608
619
633
615
626
617
650
615
617
623
582
595
579
616
586
603
599
618
610
596
618
619
655
579
590
591
576
631
641
603
610
553
614
629
558
598
605
572
565
605
586
570
555
566
594
574
556
592
534
572
548
545
561
562
567
568
536
563
592
585
620
598
596
550
589
493
557
527
549
558
548
540
539
518
549
527
521
555
552
576
590
572
591
538
537
566
565
576
546
589
544
529
564
537
584
538
534
505
540
518
534
508
543
505
535
512
534
563
531
554
538
550
514
569
557
528
514
522
580
581
532
523
521
530
558
532
547
527
536
582
552
496
573
532
533
511
567
555
558
549
548
509
550
521
510
548
534
579
564
535
502
509
570
544
494
508
514
543
534
562
503
518
500
528
545
513
516
500
570
489
519
522
573
507
525
487
511
491
525
544
522
479
531
484
539
492
493
513
541
514
498
493
513
476
519
510
508
499
533
503
478
511
480
505
512
486
528
505
512
541
543
537
478
497
478
526
498
516
501
483
492
472
477
520
446
536
526
478
517
491
468
477
470
479
487
457
503
499
535
470
501
479
547
521
492
489
431
481
481
515
480
477
475
495
484
489
499
472
497
489
506
532
496
479
489
465
487
486
483
457
487
455
509
492
524
493
514
445
497
531
490
468
494
517
457
445
506
482
445
505
494
493
491
465
521
497
485
486
457
506
471
499
483
421
491
468
478
478
469
485
477
473
416
527
473
496
515
475
479
454
470
469
488
474
470
480
478
445
473
488
502
519
475
458
473
449
446
491
473
493
476
436
490
471
454
443
468
480
444
482
474
455
457
522
459
447
485
479
451
464
478
484
442
486
480
492
483
482
491
491
466
501
445
523
493
468
442
463
493
483
472
468
459
466
439
483
460
447
453
472
466
461
490
484
438
469
467
497
462
506
463
462
491
440
464
461
474
471
463
497
457
457
479
459
477
443
483
469
473
455
480
476
445
464
468
480
481
462
473
451
494
453
495
522
455
465
465
470
474
467
453
487
475
454
477
433
474
461
469
458
434
439
476
452
443
469
440
473
464
481
441
462
439
468
476
473
479
439
489
426
464
524
452
491
498
488
473
492
465
460
467
452
513
460
458
489
492
456
466
458
463
495
421
457
486
475
442
471
474
446
511
463
476
483
488
471
449
487
440
446
448
417
500
445
473
453
419
483
466
434
449
464
471
465
434
463
477
443
429
456
484
459
477
469
433
449
443
478
502
447
429
487
462
495
498
506
459
456
445
452
488
477
430
471
439
462
497
467
513
485
451
462
458
502
502
451
453
496
509
456
474
454
493
428
491
493
455
498
422
465
482
457
464
480
465
463
473
462
438
446
469
471
452
480
476
471
464
457
500
459
431
457
450
472
503
430
428
483
452
455
493
457
499
484
466
486
471
442
438
489
460
451
484
478
439
438
453
453
466
469
469
470
472
486
467
469
476
488
451
479
454
449
472
445
457
468
462
471
459
495
429
448
461
463
496
509
443
452
464
441
484
450
428
456
432
490
491
448
451
489
503
481
442
451
444
445
484
471
453
454
456
459
459
448
457
458
470
501
470
431
456
462
445
445
458
455
475
483
461
487
457
434
437
458
452
456
426
497
471
454
479
457
483
452
433
448
499
501
451
482
430
495
491
441
507
460
466
494
485
460
473
463
448
450
434
451
460
486
443
475
481
485
464
463
483
453
477
484
435
491
462
448
468
427
441
465
462
459
497
485
456
486
413
455
487
481
485
512
477
467
481
463
486
449
463
449
452
447
466
465
490
456
476
458
436
477
474
428
467
439
451
423
484
461
468
462
467
465
479
448
441
464
431
476
460
459
479
465
429
463
483
483
420
493
465
455
439
433
496
468
460
445
481
476
426
497
455
518
461
503
452
494
444
464
464
477
448
427
463
419
466
478
440
504
458
450
480
486
491
453
521
475
466
461
498
522
477
518
447
451
514
523
469
480
494
441
461
473
461
475
476
474
462
508
442
498
453
467
482
448
442
502
436
486
461
490
462
466
518
500
471
497
467
482
452
445
455
453
457
484
433
467
475
511
483
458
501
456
477
446
487
461
481
493
506
453
496
472
443
488
492
498
463
465
499
480
457
455
513
454
490
453
460
448
496
456
481
483
493
472
457
474
465
481
470
479
478
498
473
475
522
495
449
476
483
458
463
477
494
487
429
511
499
480
457
469
505
496
518
459
507
520
488
442
522
470
508
509
436
530
457
464
459
458
481
509
469
506
462
477
489
518
494
489
451
493
500
449
461
520
469
514
517
532
461
498
498
461
431
508
439
456
461
506
494
472
514
460
467
485
446
451
499
475
462
486
497
465
502
470
475
494
495
526
507
477
482
479
489
471
480
480
527
473
482
521
495
483
480
505
492
476
483
472
452
540
507
446
473
464
502
545
529
474
521
501
470
512
502
526
512
512
500
454
499
509
491
536
515
501
490
454
518
499
493
480
533
472
552
521
501
486
471
509
506
494
480
446
530
530
529
503
509
516
523
513
485
489
493
526
524
493
526
465
520
483
510
501
544
479
499
496
514
524
524
490
503
492
504
488
500
557
531
481
507
507
545
489
528
541
505
466
518
489
510
511
470
480
526
473
548
507
534
482
491
485
488
505
493
489
487
519
502
503
514
525
518
514
489
522
507
523
534
499
464
500
547
522
497
496
515
516
486
512
500
487
495
532
528
504
508
515
475
500
517
531
545
528
495
545
503
507
552
531
490
484
499
504
547
505
509
498
529
536
517
511
477
519
530
506
539
524
480
553
479
509
555
541
528
535
550
515
527
528
522
554
517
509
501
576
521
524
516
539
545
523
547
536
554
535
534
551
517
557
502
556
556
493
542
539
559
539
516
583
567
498
567
523
554
523
527
511
552
539
531
510
555
538
495
545
568
515
508
496
535
526
535
517
534
543
532
538
532
561
579
528
537
536
557
553
530
568
546
490
533
549
555
546
535
504
537
524
543
549
505
578
541
567
556
544
534
559
562
515
535
586
552
577
538
536
596
559
581
525
551
541
554
536
534
554
551
547
579
585
528
571
564
562
593
517
513
573
586
500
541
591
565
546
591
571
557
532
557
559
559
568
567
570
611
564
587
552
601
560
567
530
569
562
546
598
535
573
596
564
592
593
573
581
581
584
556
544
539
587
608
593
573
552
617
607
603
632
576
602
585
603
558
549
590
584
569
589
658
589
603
588
600
606
595
607
577
611
596
620
601
566
568
566
612
582
621
663
572
621
589
590
612
622
641
604
577
587
609
606
589
593
585
594
630
624
631
632
637
600
619
594
591
651
563
616
605
569
609
611
580
592
594
611
608
613
633
581
612
613
618
635
619
589
619
609
603
611
674
602
640
636
609
608
620
591
624
614
567
601
608
631
582
616
639
613
598
629
615
593
602
605
583
597
632
600
635
587
596
583
637
613
601
583
628
616
633
623
628
589
627
689
622
602
647
616
597
596
578
635
573
609
655
609
594
566
613
620
668
625
619
619
579
594
634
666
622
569
609
584
682
614
674
615
658
630
618
628
627
649
620
616
628
610
647
648
648
612
594
630
581
628
667
650
634
604
631
620
639
630
609
632
644
629
591
621
631
644
617
630
577
622
616
618
615
661
597
614
646
622
605
638
633
598
572
651
642
619
645
611
547
613
622
661
639
626
616
605
584
610
677
634
624
649
626
635
636
604
630
614
611
606
601
623
625
592
626
602
609
592
606
563
621
584
639
589
560
563
607
582
572
597
594
628
578
582
578
608
637
566
552
555
557
590
539
566
558
562
562
502
540
555
570
500
517
534
544
565
571
552
576
528
514
548
524
543
542
525
547
521
528
534
474
533
471
522
496
469
531
491
525
497
512
524
482
525
493
505
528
523
526
508
534
514
502
498
508
438
512
444
458
444
479
474
510
487
521
489
515
456
476
476
466
491
469
483
439
465
460
458
475
498
454
445
429
447
478
452
440
438
462
437
442
441
427
481
458
433
460
445
452
457
424
447
412
403
395
462
450
446
486
453
461
435
473
399
419
421
449
407
430
403
382
400
461
446
452
448
391
420
409
420
384
469
428
399
439
435
432
402
428
413
384
441
412
436
477
426
393
399
386
413
383
410
404
374
420
411
418
410
443
401
420
415
400
375
406
434
443
397
401
396
430
398
412
378
388
377
415
397
416
395
411
428
424
442
410
419
396
380
429
389
391
424
372
399
395
401
414
382
412
407
376
388
410
408
391
381
380
401
403
396
410
377
411
394
409
368
417
400
420
410
400
384
446
387
405
369
389
397
397
393
390
378
418
404
392
389
423
388
408
342
393
393
429
391
373
409
402
388
345
405
375
402
400
391
398
397
399
401
405
406
373
415
397
394
365
395
388
388
387
401
405
406
405
404
402
404
414
393
413
379
379
388
422
368
392
383
419
395
417
424
412
398
408
399
417
443
400
397
390
409
399
379
398
407
436
402
402
428
416
406
415
383
401
397
417
406
418
434
375
411
409
384
397
405
424
415
445
402
397
432
407
432
424
422
415
400
419
429
415
450
443
408
455
383
404
460
453
446
464
428
445
420
469
411
438
477
449
439
472
433
447
458
448
448
419
456
426
471
482
449
466
513
463
488
485
490
477
514
510
460
496
519
497
540
525
521
515
525
536
529
559
538
583
549
541
571
570
587
573
548
609
649
650
582
613
637
655
606
636
626
640
657
612
661
681
680
681
653
749
733
680
729
704
732
732
733
749
806
811
774
793
857
863
798
824
853
811
836
877
842
875
871
903
856
881
951
908
940
904
988
967
1033
967
1011
978
1030
1046
1034
1075
1065
1046
1073
1060
1080
1085
1097
1189
1139
1116
1190
1133
1128
1227
1159
1209
1232
1255
1222
1206
1309
1257
1230
1226
1218
1240
1296
1226
1300
1282
1410
1400
1383
1345
1317
1397
1399
1386
1373
1338
1415
1345
1452
1389
1470
1491
1480
1436
1469
1513
1453
1495
1445
1442
1412
1501
1454
1452
1494
1492
1525
1521
1489
1499
1467
1564
1445
1513
1449
1429
1467
1400
1442
1453
1562
1494
1454
1468
1401
1420
1510
1432
1419
1422
1459
1460
1373
1412
1383
1353
1377
1388
1312
1378
1431
1363
1375
1330
1367
1337
1360
1315
1317
1280
1323
1261
1190
1285
1272
1252
1230
1236
1199
1263
1163
1183
1189
1215
1122
1172
1146
1083
1114
1078
1069
1087
1055
1055
1050
1027
1003
993
969
971
922
976
953
932
916
897
874
940
843
917
825
792
812
835
769
815
761
808
736
728
761
764
721
724
709
683
656
623
673
594
622
648
641
627
611
636
553
553
586
557
572
547
567
572
554
488
538
526
511
541
494
498
494
458
495
471
499
453
460
441
441
447
409
409
416
409
406
421
419
443
410
425
423
395
442
437
395
382
365
347
392
379
403
387
410
384
385
400
398
373
437
343
364
319
369
377
372
359
409
378
365
370
375
367
347
380
371
397
380
400
390
351
393
373
396
379
389
386
363
406
346
405
382
413
415
377
391
415
435
461
411
438
413
367
429
426
402
432
437
462
464
427
463
459
441
439
464
492
489
480
467
452
463
468
449
525
528
534
521
499
473
511
547
508
517
532
551
567
587
553
563
569
555
585
616
546
585
609
606
573
610
587
558
618
658
656
659
636
643
633
685
655
628
599
645
674
626
660
675
696
676
678
689
704
744
732
711
725
702
743
750
743
705
735
777
793
758
754
740
787
805
811
779
770
785
825
794
803
766
833
792
876
783
823
844
857
868
822
818
820
857
869
856
829
846
858
893
878
855
861
876
845
925
871
914
871
878
899
910
881
876
895
889
939
971
914
935
879
882
904
955
901
902
924
912
920
936
896
957
906
905
963
885
967
949
922
867
944
944
915
894
875
959
901
918
929
837
864
875
857
892
849
857
827
924
888
891
918
869
855
817
921
841
830
867
839
769
870
829
825
797
859
819
770
741
784
771
756
761
812
769
775
774
735
766
746
791
753
755
725
729
695
676
747
692
708
662
695
657
639
673
654
652
661
667
657
660
594
635
593
662
618
622
618
607
616
558
558
556
543
550
496
565
575
553
553
521
486
523
476
480
485
486
445
468
486
437
460
493
429
431
405
411
419
420
389
390
426
367
386
346
359
374
374
308
336
356
323
314
308
322
347
282
296
303
295
287
276
280
254
268
288
281
255
269
250
260
243
229
251
243
237
242
226
216
224
205
217
213
211
206
189
173
188
209
177
187
171
164
169
183
156
164
157
158
182
134
161
125
150
148
147
140
154
134
129
118
101
121
145
105
152
116
119
124
107
112
115
104
109
88
115
126
125
119
123
119
105
98
103
87
97
97
86
115
92
96
99
92
91
86
94
77
74
92
87
96
83
74
81
83
89
76
86
77
88
83
69
76
80
60
68
79
72
53
87
59
65
81
64
71
73
68
64
71
73
64
62
68
61
71
72
55
63
59
59
68
62
64
63
58
61
59
60
55
82
52
65
73
49
54
66
62
75
61
60
55
57
62
69
67
46
41
74
65
75
59
44
52
68
49
55
53
62
49
64
64
61
58
59
51
62
64
55
57
54
50
54
53
64
59
57
61
56
62
56
70
50
57
67
49
67
50
68
60
44
51
46
48
51
65
39
60
47
47
49
53
57
62
62
36
67
64
60
48
52
64
50
53
56
60
54
59
50
58
60
54
57
41
48
60
47
47
62
61
60
49
49
54
57
48
49
57
49
56
44
56
57
62
47
56
57
70
62
49
42
47
47
62
45
53
44
55
52
48
38
56
62
64
55
48
60
55
58
60
59
46
43
43
51
46
54
47
59
59
61
46
45
56
44
49
62
58
56
50
51
51
57
43
68
67
30
64
43
51
54
55
51
57
51
59
66
52
55
45
44
58
67
61
50
58
43
47
46
44
59
62
41
58
54
38
51
59
54
52
50
52
48
56
44
64
46
57
52
47
45
43
57
34
46
51
55
49
43
49
53
57
52
49
56
56
38
55
48
52
50
60
45
56
51
43
50
39
48
42
52
54
54
60
46
55
49
52
48
50
42
68
49
44
46
41
56
33
57
48
48
55
63
47
50
46
43
54
50
43
56
56
41
54
49
63
36
50
49
48
59
43
46
52
48
53
49
51
51
49
50
55
52
43
61
56
39
37
63
51
48
56
52
54
49
57
43
43
60
55
43
39
47
49
45
42
62
57
44
52
50
46
44
45
46
38
51
61
44
43
44
47
36
50
47
61
45
46
44
63
58
40
50
43
47
58
46
59
59
60
51
43
55
52
35
40
41
42
47
54
55
55
38
65
52
51
38
44
42
42
58
42
46
52
58
58
47
41
55
45
64
58
63
43
51
63
54
47
54
51
61
46
66
58
59
44
70
41
57
60
56
37
59
54
49
48
46
62
67
51
55
48
43
65
59
65
54
53
56
48
56
62
50
53
53
61
61
63
55
70
55
43
58
73
61
58
64
65
69
60
61
71
72
73
73
61
70
58
70
74
70
90
68
89
80
71
79
89
102
99
84
77
100
75
78
106
95
100
90
98
117
106
115
158
111
125
125
137
135
149
165
132
141
155
152
176
173
179
196
217
209
200
226
207
240
235
242
244
255
299
295
332
352
345
447
430
415
470
484
541
456
551
542
574
544
575
530
607
619
633
661
656
653
615
706
669
680
717
720
742
740
733
718
721
806
748
662
729
734
681
703
723
685
687
715
677
618
590
539
560
538
532
521
464
458
447
407
439
387
379
343
323
330
309
274
254
264
254
251
232
219
201
214
197
174
178
169
138
156
146
129
130
109
119
101
94
106
83
82
87
80
86
69
62
57
57
59
53
47
38
52
54
48
41
43
48
50
36
38
22
31
28
27
37
21
33
20
20
20
18
20
15
14
12
22
21
27
26
20
9
11
19
12
8
18
11
7
7
7
11
8
7
8
3
4
2
4
2
0
0
0
2
0
0
0
0
0
